Row	KBase_iterative	no_CarveMe_iterative	all_iterative	KBase_individual	noCarveMe_individual	all_individual
KBase_iterative	0	0.908277973508399	1	0.739491783241911	0.91508796983157	0.988931383823355
no_CarveMe_iterative	0.908277973508399	0	0.989111117864461	0.935500453139005	0.655241616534024	0.903691611264362
all_iterative	1	0.989111117864461	0.668735180288295	0.998336565387457	0.980064745789332	0.933332119013454
KBase_individual	0.739491783241911	0.935500453139005	0.998336565387457	0	0.879251149934395	0.946541254033856
noCarveMe_individual	0.91508796983157	0.655241616534024	0.980064745789332	0.879251149934395	0	0.775603537856188
all_individual	0.988931383823355	0.903691611264362	0.933332119013454	0.946541254033856	0.775603537856188	0
