Row	KBase_iterative	no_CarveMe_iterative	all_iterative	KBase_individual	noCarveMe_individual	all_individual
KBase_iterative	0	0.932023596424939	0.993368326743769	0.7573895742881	0.936163647723977	0.989606866678123
no_CarveMe_iterative	0.932023596424939	0	0.942259326111258	0.949013678690351	0.712189737784406	0.935201764407451
all_iterative	0.993368326743769	0.942259326111258	0	0.996236385133543	0.965349724379007	0.904471089270961
KBase_individual	0.7573895742881	0.949013678690351	0.996236385133543	0	0.877898368081306	0.942769687580715
noCarveMe_individual	0.936163647723977	0.712189737784406	0.965349724379007	0.877898368081306	0	0.749537339093311
all_individual	0.989606866678123	0.935201764407451	0.904471089270961	0.942769687580715	0.749537339093311	0
