Row	KBase_iterative	no_CarveMe_iterative	all_iterative	KBase_individual	noCarveMe_individual	all_individual
KBase_iterative	0	0.896081291702673	0.959982490843139	0.745815180688318	0.93937534144491	0.994419879273927
no_CarveMe_iterative	0.896081291702673	0	0.839133242875442	0.956340658278206	0.731240890559234	0.942532576546928
all_iterative	0.959982490843139	0.839133242875442	0	0.997360416785095	0.974253907100342	0.930309675317618
KBase_individual	0.745815180688318	0.956340658278206	0.997360416785095	0	0.90239053562556	0.947786198015582
noCarveMe_individual	0.93937534144491	0.731240890559234	0.974253907100342	0.90239053562556	0	0.792955457857385
all_individual	0.994419879273927	0.942532576546928	0.930309675317618	0.947786198015582	0.792955457857385	0
