Row	KBase_iterative	no_CarveMe_iterative	all_iterative	KBase_individual	noCarveMe_individual	all_individual
KBase_iterative	0	0.9325102211555	0.994422612830557	0.771548550647357	0.932932913697324	0.990724750603586
no_CarveMe_iterative	0.9325102211555	0	0.986227929307507	0.937460755246659	0.68667892651013	0.912809134124215
all_iterative	0.994422612830557	0.986227929307507	0	0.998348173000323	0.981748196950379	0.943217502525593
KBase_individual	0.771548550647357	0.937460755246659	0.998348173000323	0	0.879259954567961	0.946512434688898
noCarveMe_individual	0.932932913697324	0.68667892651013	0.981748196950379	0.879259954567961	0	0.775531386048704
all_individual	0.990724750603586	0.912809134124215	0.943217502525593	0.946512434688898	0.775531386048704	0
