Row	KBase_iterative	no_CarveMe_iterative	all_iterative	KBase_individual	noCarveMe_individual	all_individual
KBase_iterative	0	0.898009748816738	0.962547563234788	0.721516673762416	0.939479387427175	0.991497613717483
no_CarveMe_iterative	0.898009748816738	0	0.813225419539591	0.952303814701387	0.712637576435923	0.922659888278626
all_iterative	0.962547563234788	0.813225419539591	0.0488412741266837	0.99053268043796	0.951104601519679	0.864526808128926
KBase_individual	0.721516673762416	0.952303814701387	0.99053268043796	0	0.900530469617766	0.946805646507942
noCarveMe_individual	0.939479387427175	0.712637576435923	0.951104601519679	0.900530469617766	0	0.777554693882211
all_individual	0.991497613717483	0.922659888278626	0.864526808128926	0.946805646507942	0.777554693882211	0
